{
 "cells": [
  {
   "cell_type": "code",
   "execution_count": 17,
   "metadata": {},
   "outputs": [
    {
     "name": "stdout",
     "output_type": "stream",
     "text": [
      "1 \n",
      "1 9 \n",
      "1 9 11 \n",
      "1 9 11 2 \n",
      "1 9 11 2 7 \n",
      "1 9 11 2 7 3 \n",
      "1 9 11 2 7 3 8 \n",
      "1 \n",
      "1 9 \n",
      "1 9 11 \n",
      "1 9 11 2 \n",
      "1 9 11 2 7 \n",
      "1 9 11 2 7 3 \n",
      "1 9 11 2 7 3 8 \n",
      "1 9 11 2 7 3 8 5 \n",
      "1 \n",
      "1 8 \n",
      "1 8 5 \n",
      "1 8 5 4 \n",
      "1 8 5 4 10 \n",
      "1 8 5 4 10 6 \n",
      "1 8 5 4 10 6 3 \n",
      "1 8 5 4 10 6 3 7 \n",
      "1 8 5 4 10 6 3 7 2 \n",
      "1 8 5 4 10 6 3 7 2 11 \n",
      "1 8 5 4 10 6 3 7 2 11 9 \n",
      "Objective is: 253.0\n",
      "Solution is:\n",
      "\n",
      "0.0 0.0 0.0 0.0 0.0 0.0 0.0 1.0 0.0 0.0 0.0 \n",
      "0.0 0.0 0.0 0.0 0.0 0.0 0.0 0.0 0.0 0.0 1.0 \n",
      "0.0 0.0 0.0 0.0 0.0 0.0 1.0 0.0 0.0 0.0 0.0 \n",
      "0.0 0.0 0.0 0.0 0.0 0.0 0.0 0.0 0.0 1.0 0.0 \n",
      "0.0 0.0 0.0 1.0 0.0 0.0 0.0 0.0 0.0 0.0 0.0 \n",
      "0.0 0.0 1.0 0.0 0.0 0.0 0.0 0.0 0.0 0.0 0.0 \n",
      "0.0 1.0 0.0 0.0 0.0 0.0 0.0 0.0 0.0 0.0 0.0 \n",
      "0.0 0.0 0.0 0.0 1.0 0.0 0.0 0.0 0.0 0.0 0.0 \n",
      "1.0 0.0 0.0 0.0 0.0 0.0 0.0 0.0 0.0 0.0 0.0 \n",
      "0.0 0.0 0.0 0.0 0.0 1.0 0.0 0.0 0.0 0.0 0.0 \n",
      "0.0 0.0 0.0 0.0 0.0 0.0 0.0 0.0 1.0 0.0 0.0 "
     ]
    }
   ],
   "source": [
    "using JuMP, GLPK, Test\n",
    "const MOI = JuMP.MathOptInterface\n",
    "\n",
    "model = JuMP.Model(JuMP.with_optimizer(GLPK.Optimizer))\n",
    "m=11\n",
    "Ctest=[[0 29 20 21 16 31 100 12 4 31 18];[29 0 15 29 28 40 72 21 29 41 12];\n",
    "    [20 15 0 15 14 25 81 9 23 27 13];[21 29 15 0 4 12 92 12 25 13 25];\n",
    "    [16 28 14 4 0 16 94 9 20 16 22];[31 40 25 12 16 0 95 24 36 3 37];\n",
    "    [100 72 81 92 94 95 0 90 101 99 84];[12 21 9 12 9 24 90 0 15 25 13];\n",
    "    [4 29 23 25 20 36 101 15 0 35 18];\n",
    "    [31 41 27 13 16 3 99 25 35 0 38];[18 12 13 25 22 37 84 13 18 38 0]]\n",
    "#C = rand(m,m)\n",
    "\n",
    "JuMP.@variable(model, x[1:m,1:m], Bin)\n",
    "# Objective: minimize total distance\n",
    "JuMP.@objective(model, Min, sum(Ctest' .* x))\n",
    "# Constraint: one to one\n",
    "\n",
    "for i in 1:m\n",
    "    JuMP.@constraint(model,sum(x[i, :]) == 1)\n",
    "    JuMP.@constraint(model,sum(x[:, i]) == 1)\n",
    "    JuMP.@constraint(model,x[i, i] == 0)\n",
    "end\n",
    "\n",
    "# Constraint: graph conectivity 2x2 not necesary but boosts efficiency\n",
    "for i in 1:m\n",
    "    for j in 1:m\n",
    "        if i != j \n",
    "            JuMP.@constraint(model, x[i,j] + x[j,i] <= 1)\n",
    "        end\n",
    "\n",
    "    end\n",
    "end\n",
    "    \n",
    "   status = JuMP.optimize!(model)\n",
    "\n",
    "# Constraint: eliminate individual cycles\n",
    "function solved(model,m)\n",
    "    cycle = [1]\n",
    "    check = false\n",
    "    i = 1\n",
    "    while !check\n",
    "        for j in 1:m\n",
    "            if JuMP.value(x[i,j]) == 1\n",
    "                for k in 1:length(cycle)\n",
    "                    # comment next line to skip evolution print 1\n",
    "                    print(cycle[k], \" \")\n",
    "                    if cycle[k] == j\n",
    "                        check = true\n",
    "                    end\n",
    "                end\n",
    "                if check == false\n",
    "                    push!(cycle, 0)\n",
    "                    cycle[length(cycle)] = j\n",
    "                end\n",
    "                i = j\n",
    "                break\n",
    "            end\n",
    "        end\n",
    "        # comment next line to skip evolution print 2\n",
    "        println()\n",
    "    end\n",
    "    if length(cycle) < m\n",
    "        JuMP.@constraint(model, sum(x[cycle,cycle]) <= length(cycle) - 1)\n",
    "    else\n",
    "        return true\n",
    "    end\n",
    "        \n",
    "    return false\n",
    "end \n",
    "    \n",
    "   #solved(model,m)\n",
    "\n",
    "   while !solved(model,m)\n",
    "        status = JuMP.optimize!(model)\n",
    "   end\n",
    "    \n",
    "    println(\"Objective is: \", JuMP.objective_value(model))\n",
    "    println(\"Solution is:\")\n",
    "    for i in 1:m \n",
    "        println()\n",
    "        for j in 1:m\n",
    "            print(JuMP.value(x[i,j]), \" \")\n",
    "        end\n",
    "    end\n",
    " \n",
    "\n",
    "#model"
   ]
  },
  {
   "cell_type": "code",
   "execution_count": 29,
   "metadata": {},
   "outputs": [
    {
     "data": {
      "text/plain": [
       "11×11 Array{Int64,2}:\n",
       "   0  29  20  21  16  31  100  12    4  31  18\n",
       "  29   0  15  29  28  40   72  21   29  41  12\n",
       "  20  15   0  15  14  25   81   9   23  27  13\n",
       "  21  29  15   0   4  12   92  12   25  13  25\n",
       "  16  28  14   4   0  16   94   9   20  16  22\n",
       "  31  40  25  12  16   0   95  24   36   3  37\n",
       " 100  72  81  92  94  95    0  90  101  99  84\n",
       "  12  21   9  12   9  24   90   0   15  25  13\n",
       "   4  29  23  25  20  36  101  15    0  35  18\n",
       "  31  41  27  13  16   3   99  25   35   0  38\n",
       "  18  12  13  25  22  37   84  13   18  38   0"
      ]
     },
     "execution_count": 29,
     "metadata": {},
     "output_type": "execute_result"
    }
   ],
   "source": [
    "Ctest"
   ]
  },
  {
   "cell_type": "code",
   "execution_count": null,
   "metadata": {},
   "outputs": [],
   "source": []
  }
 ],
 "metadata": {
  "kernelspec": {
   "display_name": "Julia 1.1.0",
   "language": "julia",
   "name": "julia-1.1"
  },
  "language_info": {
   "file_extension": ".jl",
   "mimetype": "application/julia",
   "name": "julia",
   "version": "1.1.0"
  }
 },
 "nbformat": 4,
 "nbformat_minor": 2
}
